100000
Score: 0.3929452272292632
Runtime: 268ms
100000
Score: 0.3929452272292632
Runtime: 250ms
100000
Score: 0.3929452272292632
Runtime: 261ms
